4119
1949
5926
2444
4226
1916
4230
131
6408
-2156
4701
2850
4159
2125
5440
2517
4240
2109
4154
1227
4708
931
5656
2407
4936
607
3553
1430
4343
725
4356
1226
5545
3736
4407
1513
4548
1558
4351
1824
4320
1748
5354
2733
5227
3059
5316
-902
5320
-616
5919
1803
5951
1738
4602
1430
4613
1515
4448
2027
4515
1950
4818
1805
4808
1706
6253
2740
6629
2543
6010
2456
4241
2319
4350
2557
4230
2727
5528
827
5540
1234
5702
955
4806
2046
4729
1903
4604
1813
4426
2605
4709
2734
4645
2334
6939
1857
6106
1028
5954
1044
3843
-909
3700
-756
4012
-825
5050
421
5113
254
5027
452
5101
428
4812
1527
4636
1350
4734
1210
4812
1621
5013
1252
4858
1428
5008
1406
5005
1425
5313
634
5222
453
5200
421
5222
438
3827
2336
3937
1955
3758
2343
3938
2225
3626
2813
4656
727
4703
818
4629
950
4612
605
4601
744
4650
931
3633
3200
3829
4324
3702
2725
4140
2633
3604
3250
3956
3251
4252
-832
4319
-159
4057
-539
4025
-341
3753
-446
3820
-028
5130
-004
5458
-136
5257
-109
5349
-303
5049
-008
5137
-356
5237
117
5114
2233
5015
1901
5017
1840
5430
1832
5308
2310
5307
1759
5214
2100
5754
3323
4844
3735
4959
3613
5037
2615
4628
3044
5114
3312
5027
3031
4927
1104
5418
1305
5207
1138
5021
735
4759
750
5058
1101
5231
1324
5331
806
4107
1652
4526
1059
4028
1713
4153
1229
4425
1211
4346
1115
3811
1533
4227
1412
4754
154
4317
522
4851
221
4806
-140
4511
544
4719
502
4929
006
4333
700
